P
4
0 0 0
50 0 0
0 50 0
0 0 50
6
1 2
1 3
1 4
2 3
2 4
3 4

P
8
50 0 0
50 50 0
50 0 50
50 50 50
0 0 50
0 50 50
0 0 0
0 50 0
12
1 2
1 3
1 7
2 4
2 8
3 4
3 5
4 6
5 6
5 7
6 8
7 8

P
8
50 0 0
50 50 0
50 0 50
50 50 50
0 0 50
0 50 50
0 0 0
0 50 0
12
1 2
1 3
1 7
2 4
2 8
3 4
3 5
4 6
5 6
5 7
6 8
7 8

________________-


P
2
0 0 0
100 0 0
1
1 2

P
8
50 0 0
50 50 0
50 0 50
50 50 50
0 0 50
0 50 50
0 0 0
0 50 0
12
1 2
1 3
1 7
2 4
2 8
3 4
3 5
4 6
5 6
5 7
6 8
7 8

_____________________

P
4
20.472 46.236 40.337
26.007 14.395 56.458
35.548 38.274 30.747
41.902 38.621 51.788
6
1 2
1 3
1 4
2 3
2 4
3 4

P
8
-6.2123 67.442 -3.3466
19.594 58.577 -6.9248
9.795 31.404 -6.1805
-17.011 41.269 -3.6022
-5.8409 67.455 15.836
21.966 57.59 13.258
11.166 31.417 13.002
-15.64 41.282 16.58
12
1 2
2 3
3 4
4 1
5 6
6 7
7 8
8 5
5 1
6 2
7 3
8 4

P
4
-15.117 27.45 15.773
15.15 11.229 26.589
-5.0778 48.095 22.9
-25.349 26.744 37.562
6
1 2
1 3
1 4
2 3
2 4
3 4

________________________________-

P
2
0 0 0
0 100 0
1
1 2

P
2
10 0 0
10 100 0
1
1 2

P
2
20 0 0
20 100 0
1
1 2

P
2
30 0 0
30 100 0
1
1 2

P
2
40 0 0
40 100 0
1
1 2

P
2
50 0 0
50 100 0
1
1 2

P
2
60 0 0
60 100 0
1
1 2

P
2
70 0 0
70 100 0
1
1 2

P
2
80 0 0
80 100 0
1
1 2

P
2
90 0 0
90 100 0
1
1 2

P
2
0 0 0
100 100 100
1
1 2