3 - number of objects

4 - number of vertices
1.0 0.0 0.0 - vertex 1
0.0 1.0 0.0
2.0 2.0 0.0
1.0 1.0 2.0
6 - number of edges
1 2 - edge 1-2
1 3
1 4
2 3
2 4
3 4
4 - number of surfaces
1 2 3
1 2 4
1 3 4
2 3 4
0.0 0.0 -3.0 - normals for each surface
-2.0 -2.0 1.0
4.0 -2.0 1.0
-2.0 4.0 1.0

4
3.0 2.0 0.0
2.0 3.0 0.0
4.0 4.0 0.0
3.0 3.0 2.0
6
1 2
1 3
1 4
2 3
2 4
3 4
4
1 2 3
1 2 4
1 3 4
2 3 4
2.0 2.0 -3.0
0.0 0.0 1.0
6.0 0.0 1.0
0.0 6.0 1.0

4
5.0 4.0 0.0
4.0 5.0 0.0
6.0 6.0 0.0
5.0 5.0 2.0
6
1 2
1 3
1 4
2 3
2 4
3 4
4
1 2 3
1 2 4
1 3 4
2 3 4
4.0 4.0 -3.0
2.0 2.0 1.0
8.0 2.0 1.0
2.0 8.0 1.0